-4.841234280999999307e+00 -3.378400346538500187e+00
-4.775835324055472952e+00 -3.388682864645923054e+00
-4.711318501507224532e+00 -3.398254122658062482e+00
-4.647671896590028773e+00 -3.407134999826625155e+00
-4.584883753274711538e+00 -3.415345908650752715e+00
-4.522942474096714349e+00 -3.422906802567756923e+00
-4.461836618013959033e+00 -3.429837183610686235e+00
-4.401554898293589702e+00 -3.436156110042253520e+00
-4.342086180427227937e+00 -3.441882203940981988e+00
-4.283419480074337926e+00 -3.447033658757216124e+00
-4.225543961033339180e+00 -3.451628246808896794e+00
-4.168448933240067156e+00 -3.455683326736488592e+00
-4.112123850793238944e+00 -3.459215850895358102e+00
-4.056558310006539436e+00 -3.462242372696085368e+00
-4.001742047486979814e+00 -3.464779053874183834e+00
-3.947664938239173527e+00 -3.466841671700835903e+00
-3.894316993795156723e+00 -3.468445626127732773e+00
-3.841688360369452049e+00 -3.469605946849632971e+00
-3.789769317038988561e+00 -3.470337300309843886e+00
-3.738550273947578884e+00 -3.470653996593926038e+00
-3.688021770534589905e+00 -3.470569996363396026e+00
-3.638174473787505470e+00 -3.470098917494791380e+00
-3.588999176518045342e+00 -3.469254041847923631e+00
-3.540486795661525576e+00 -3.468048321853068661e+00
-3.492628370599143661e+00 -3.466494387025738089e+00
-3.445415061502885123e+00 -3.464604550411023887e+00
-3.398838147702732293e+00 -3.462390814929399596e+00
-3.352889026075891898e+00 -3.459864879646844305e+00
-3.307559209457727523e+00 -3.457038145955704689e+00
-3.262840325074118031e+00 -3.453921723664077792e+00
-3.218724112994934217e+00 -3.450526437003675007e+00
-3.175202424608369434e+00 -3.446862830550775580e+00
-3.132267221115825784e+00 -3.442941175051458025e+00
-3.089910572047082749e+00 -3.438771473168648285e+00
-3.048124653795480921e+00 -3.434363465132179716e+00
-3.006901748172833955e+00 -3.429726634307733946e+00
-2.966234240983824932e+00 -3.424870212676681458e+00
-2.926114620619598927e+00 -3.419803186223897562e+00
-2.886535476670315958e+00 -3.414534300241698794e+00
-2.847489498556382337e+00 -3.409072064578325012e+00
-2.808969474178137027e+00 -3.403424758652508153e+00
-2.770968288583712358e+00 -3.397600436662596035e+00
-2.733478922654854593e+00 -3.391606932439501065e+00
-2.696494451810426796e+00 -3.385451864343603123e+00
-2.660008044727397714e+00 -3.379142640051470803e+00
-2.624012962079030231e+00 -3.372686461266032332e+00
-2.588502555290081553e+00 -3.366090328333407822e+00
-2.553470265308756204e+00 -3.359361044782458894e+00
-2.518909621395198695e+00 -3.352505221785099021e+00
-2.484814239926298463e+00 -3.345529282528692860e+00
-2.451177823216579732e+00 -3.338439466513209553e+00
-2.417994158354974665e+00 -3.331241833770870464e+00
-2.385257116057246662e+00 -3.323942269000331518e+00
-2.352960649533863524e+00 -3.316546485627998475e+00
-2.321098793373109093e+00 -3.309060029795709568e+00
-2.289665662439222427e+00 -3.301488284263760065e+00
-2.258655450785371333e+00 -3.293836472245396330e+00
-2.228062430581241760e+00 -3.286109661169401619e+00
-2.197880951055068088e+00 -3.278312766317414972e+00
-2.168105437449889816e+00 -3.270450554613907546e+00
-2.138730389993846792e+00 -3.262527647910065109e+00
-2.109750382884331366e+00 -3.254548526628702199e+00
-2.081160063285801165e+00 -3.246517533123605581e+00
-2.052954150341062878e+00 -3.238438875014271634e+00
-2.025127434195861831e+00 -3.230316628456989747e+00
-1.997674775036576644e+00 -3.222154741342277529e+00
-1.970591102140858863e+00 -3.213957036434081260e+00
-1.943871412941028165e+00 -3.205727214440372563e+00
-1.917510772100057936e+00 -3.197468857024142519e+00
-1.891504310599984917e+00 -3.189185429747186440e+00
-1.865847224842555718e+00 -3.180880284955050818e+00
-1.840534775761969444e+00 -3.172556664605967303e+00
-1.815562287949534337e+00 -3.164217703030123285e+00
-1.790925148790080801e+00 -3.155866429640599602e+00
-1.766618807609976471e+00 -3.147505771580767941e+00
-1.742638774836583693e+00 -3.139138556317838891e+00
-1.718980621168993084e+00 -3.130767514279882313e+00
-1.695639976759904410e+00 -3.122395280949440632e+00
-1.672612530408477127e+00 -3.114024399860020331e+00
-1.649894028764017362e+00 -3.105657324608521286e+00
-1.627480275540352794e+00 -3.097296421258481480e+00
-1.605367130740745107e+00 -3.088943970622321622e+00
-1.583550509893198344e+00 -3.080602170480012170e+00
-1.562026383296025500e+00 -3.072273137758228412e+00
-1.540790775273531699e+00 -3.063958910650812051e+00
-1.519839763441673819e+00 -3.055661450699943327e+00
-1.499169477983569809e+00 -3.047382644826847287e+00
-1.478776100934706017e+00 -3.039124307322742524e+00
-1.458655865477734404e+00 -3.030888181783865321e+00
-1.438805055246709985e+00 -3.022675943013092059e+00
-1.419220003640648597e+00 -3.014489198873461895e+00
-1.399897093146277083e+00 -3.006329492102310041e+00
-1.380832754669850448e+00 -2.998198302078170840e+00
-1.362023466877911648e+00 -2.990097046554356819e+00
-1.343465755546873419e+00 -2.982027083346000307e+00
-1.325156192921302267e+00 -2.973989711985878692e+00
-1.307091397080784922e+00 -2.965986175331047914e+00
-1.289268031315261132e+00 -2.958017661142181787e+00
-1.271682803508706661e+00 -2.950085303618072530e+00
-1.254332465531053042e+00 -2.942190184903670236e+00
-1.237213812638235710e+00 -2.934333336548055726e+00
-1.220323682880246174e+00 -2.926515740945434096e+00
-1.203658956517101419e+00 -2.918738332722711437e+00
-1.187216555442599075e+00 -2.911002000115554988e+00
-1.170993442615769764e+00 -2.903307586289630926e+00
-1.154986621499909827e+00 -2.895655890648070940e+00
-1.139193135509097621e+00 -2.888047670095668984e+00
-1.123610067462089690e+00 -2.880483640276648494e+00
-1.108234539043494005e+00 -2.872964476787668975e+00
-1.093063710272121902e+00 -2.865490816349854697e+00
-1.078094778976422141e+00 -2.858063257960345549e+00
-1.063324980276897147e+00 -2.850682364015631354e+00
-1.048751586075408415e+00 -2.843348661404646371e+00
-1.034371904551273813e+00 -2.836062642573419446e+00
-1.020183279664069964e+00 -2.828824766567368254e+00
-1.006183090663037571e+00 -2.821635460045774035e+00
-9.923687516030108569e-01 -2.814495118268479867e+00
-9.787377108667698611e-01 -2.807404106065649607e+00
-9.652874506937413335e-01 -2.800362758771628435e+00
-9.520154867149432931e-01 -2.793371383144263920e+00
-9.389193674941065382e-01 -2.786430258257843740e+00
-9.259966740748725167e-01 -2.779539636375012446e+00
-9.132450195339941734e-01 -2.772699743825954855e+00
-9.006620485404533971e-01 -2.765910781698663445e+00
-8.882454369204106914e-01 -2.759172926853514340e+00
-8.759928912279131286e-01 -2.752486332565780458e+00
-8.639021483212767638e-01 -2.745851129328456430e+00
-8.519709749450663505e-01 -2.739267425592018412e+00
-8.401971673175960831e-01 -2.732735308492137527e+00
-8.285785507238727643e-01 -2.726254844554935275e+00
-8.171129791139097875e-01 -2.719826080385900013e+00
-8.057983347063337742e-01 -2.713449043335678379e+00
-7.946325275972146995e-01 -2.707123742153956236e+00
-7.836134953740436782e-01 -2.700850167623387144e+00
-7.727392027347887993e-01 -2.694628293175276745e+00
-7.620076411119593995e-01 -2.688458075493892707e+00
-7.514168283016080530e-01 -2.682339455096093950e+00
-7.409648080972013329e-01 -2.676272356902770877e+00
-7.306496499282923995e-01 -2.670256690791013909e+00
-7.204694485039311314e-01 -2.664292352135036346e+00
-7.104223234607403015e-01 -2.658379222324605884e+00
-7.005064190155991799e-01 -2.652517169277816222e+00
-6.907199036228640621e-01 -2.646706047934157091e+00
-6.810609696360685472e-01 -2.640945700736675228e+00
-6.715278329740366203e-01 -2.635235958100539122e+00
-6.621187327913491405e-01 -2.629576638864392191e+00
-6.528319311531011193e-01 -2.623967550735855525e+00
-6.436657127138921686e-01 -2.618408490717458292e+00
-6.346183844009882780e-01 -2.612899245528067294e+00
-6.256882751015983013e-01 -2.607439592003721440e+00
-6.168737353542057544e-01 -2.602029297494194982e+00
-6.081731370439003026e-01 -2.596668120242904720e+00
-5.995848731016535371e-01 -2.591355809759815276e+00
-5.911073572074783122e-01 -2.586092107169102761e+00
-5.827390234974247907e-01 -2.580876745609780087e+00
-5.744783262743519137e-01 -2.575709450496068698e+00
-5.663237397224260006e-01 -2.570589939900266963e+00
-5.582737576252896350e-01 -2.565517924860984955e+00
-5.503268930878520981e-01 -2.560493109719931049e+00
-5.424816782616482813e-01 -2.555515192301562433e+00
-5.347366640737145627e-01 -2.550583864390339350e+00
-5.270904199589353523e-01 -2.545698811886811352e+00
-5.195415335958049052e-01 -2.540859715117864681e+00
-5.120886106455607711e-01 -2.536066249095663583e+00
-5.047302744946386976e-01 -2.531318083778032246e+00
-4.974651660004016374e-01 -2.526614884317741616e+00
-4.902919432400943411e-01 -2.521956311303794607e+00
-4.832092812629806278e-01 -2.517342020993055041e+00
-4.762158718456139250e-01 -2.512771665538372723e+00
-4.693104232501986717e-01 -2.508244893204156778e+00
-4.624916599859952848e-01 -2.503761348583746660e+00
-4.557583225737283916e-01 -2.499320672797704201e+00
-4.491091673129498085e-01 -2.494922503694502414e+00
-4.425429660523173547e-01 -2.490566476042162858e+00
-4.360585059627464233e-01 -2.486252221711447774e+00
-4.296545893133904004e-01 -2.481979369857203466e+00
-4.233300332504102981e-01 -2.477747547087318036e+00
-4.170836695784924109e-01 -2.473556377630135472e+00
-4.109143445450736398e-01 -2.469405483495739073e+00
-4.048209186272336280e-01 -2.465294484631691763e+00
-3.988022663212173469e-01 -2.461222999069969664e+00
-3.928572759345438925e-01 -2.457190643071283542e+00
-3.869848493806692935e-01 -2.453197031264728434e+00
-3.811839019761609215e-01 -2.449241776782330238e+00
-3.754533622403481985e-01 -2.445324491385293175e+00
-3.697921716974109652e-01 -2.441444785587624455e+00
-3.641992846808716489e-01 -2.437602268776703163e+00
-3.586736681404516514e-01 -2.433796549325430547e+00
-3.532143014512589274e-01 -2.430027234704677852e+00
-3.478201762252713936e-01 -2.426293931585441044e+00
-3.424902961250783084e-01 -2.422596245941963655e+00
-3.372236766798498708e-01 -2.418933783146409500e+00
-3.320193451034975096e-01 -2.415306148065837544e+00
-3.268763401149925030e-01 -2.411712945144225628e+00
-3.217937117608099529e-01 -2.408153778493681507e+00
-3.167705212394648084e-01 -2.404628251970953201e+00
-3.118058407281076860e-01 -2.401135969257206959e+00
-3.068987532111490113e-01 -2.397676533931685672e+00
-3.020483523108788981e-01 -2.394249549540417465e+00
-2.972537421200519558e-01 -2.390854619663822955e+00
-2.925140370364059939e-01 -2.387491347979157741e+00
-2.878283615990847588e-01 -2.384159338324625566e+00
-2.831958503269331184e-01 -2.380858194750584911e+00
-2.786156475586358816e-01 -2.377587521576994600e+00
-2.740869072946704454e-01 -2.374346923442844481e+00
-2.696087930410442923e-01 -2.371136005357339371e+00
-2.651804776547873610e-01 -2.367954372739033531e+00
-2.608011431911728684e-01 -2.364801631463561815e+00
-2.564699807526361619e-01 -2.361677387899406177e+00
-2.521861903393648463e-01 -2.358581248947530629e+00
-2.479489807015327618e-01 -2.355512822072732160e+00
-2.437575691931498090e-01 -2.352471715337854707e+00
-2.396111816275010020e-01 -2.349457537431480780e+00
-2.355090521341483556e-01 -2.346469897694535955e+00
-2.314504230174681543e-01 -2.343508406145352385e+00
-2.274345446166988471e-01 -2.340572673501326584e+00
-2.234606751674732550e-01 -2.337662311198517529e+00
-2.195280806648078342e-01 -2.334776931408660161e+00
-2.156360347275269318e-01 -2.331916147055653976e+00
-2.117838184640941923e-01 -2.329079571827307849e+00
-2.079707203398279414e-01 -2.326266820188294560e+00
-2.041960360454745937e-01 -2.323477507386414231e+00
-2.004590683671175488e-01 -2.320711249462219961e+00
-1.967591270573963158e-01 -2.317967663252550992e+00
-1.930955287080122207e-01 -2.315246366393875377e+00
-1.894675966234974918e-01 -2.312546977324620556e+00
-1.858746606962247139e-01 -2.309869115282993324e+00
-1.823160572826318659e-01 -2.307212400304674116e+00
-1.787911290806429021e-01 -2.304576453219269627e+00
-1.752992250082584247e-01 -2.301960895644041383e+00
-1.718397000832958821e-01 -2.299365349975508899e+00
-1.684119153042563100e-01 -2.296789439381075937e+00
-1.650152375322955778e-01 -2.294232787786373073e+00
-1.616490393742787690e-01 -2.291695019862200144e+00
-1.583126990668957124e-01 -2.289175761012343990e+00
-1.550056003618164868e-01 -2.286674637353660611e+00
-1.517271324118653342e-01 -2.284191275701325630e+00
-1.484766896581924123e-01 -2.281725303546946027e+00
-1.452536717184222670e-01 -2.279276349039132565e+00
-1.420574832757587891e-01 -2.276844040959726811e+00
-1.388875339690250621e-01 -2.274428008698782921e+00
-1.357432382836193663e-01 -2.272027882229900264e+00
-1.326240154433657725e-01 -2.269643292081524599e+00
-1.295292893032402859e-01 -2.267273869307362411e+00
-1.264584882429525825e-01 -2.264919245456274766e+00
-1.234110450613628007e-01 -2.262579052538861379e+00
-1.203863968717151928e-01 -2.260252922993200908e+00
-1.173839849976686667e-01 -2.257940489648190052e+00
-1.144032548701046786e-01 -2.255641385687142897e+00
-1.114436559246940461e-01 -2.253355244606311647e+00
-1.085046415002033360e-01 -2.251081700174622391e+00
-1.055856687375222175e-01 -2.248820386389100534e+00
-1.026861984793930871e-01 -2.246570937430184767e+00
-9.980569517082474307e-02 -2.244332987613397279e+00
-9.694362676017073688e-02 -2.242106171341456733e+00
-9.409946460085547026e-02 -2.239890123049983472e+00
-9.127268335372903940e-02 -2.237684477154887830e+00
-8.846276089003288212e-02 -2.235488867994310347e+00
-8.566917819495847852e-02 -2.233302929770812906e+00
-8.289141927178131364e-02 -2.231126296487731420e+00
-8.012897104655211655e-02 -2.228958601884196256e+00
-7.738132327332805649e-02 -2.226799479366931678e+00
-7.464796843992659026e-02 -2.224648561936652058e+00
-7.192840167418343422e-02 -2.222505482113994013e+00
-6.922212065069911768e-02 -2.220369871856534338e+00
-6.652862549805536874e-02 -2.218241362475578349e+00
-6.384741870648499851e-02 -2.216119584543458032e+00
-6.117800503597781159e-02 -2.214004167798349521e+00
-5.851989142480602812e-02 -2.211894741039936108e+00
-5.587258689845175930e-02 -2.209790932017335230e+00
-5.323560247892016040e-02 -2.207692367309411541e+00
-5.060845109442163592e-02 -2.205598672193037402e+00
-4.799064748940533309e-02 -2.203509470499980694e+00
-4.538170813492899830e-02 -2.201424384457631778e+00
-4.278115113934724545e-02 -2.199343034514130046e+00
-4.018849615930238789e-02 -2.197265039140710030e+00
-3.760326431100125683e-02 -2.195190014607458995e+00
-3.502497808176155414e-02 -2.193117574726057839e+00
-3.245316124181155115e-02 -2.191047330552331474e+00
-2.988733875632656328e-02 -2.188978890031751057e+00
-2.732703669768664703e-02 -2.186911857575523310e+00
-2.477178215793791188e-02 -2.184845833539494464e+00
-2.222110316144305930e-02 -2.182780413571061562e+00
-1.967452857770364896e-02 -2.180715187762846785e+00
-1.713158803433859761e-02 -2.178649739523299544e+00
-1.459181183020271701e-02 -2.176583644008889262e+00
-1.205473084862917696e-02 -2.174516465824288147e+00
-9.519876470779991412e-03 -2.172447755425723770e+00
-6.986780489088332061e-03 -2.170377042944798163e+00
-4.454975020777234007e-03 -2.168303826001285461e+00
-1.923992421437474131e-03 -2.166227538826912991e+00
6.066348013497106480e-04 -2.164155206212885929e+00
3.137374074362235619e-03 -2.162154656955374232e+00
5.668692845074575770e-03 -2.160197001586694032e+00
8.201058667998993579e-03 -2.158268774378841126e+00
1.073493929104654340e-02 -2.156363899219033708e+00
1.327080274192378451e-02 -2.154478589067992722e+00
1.580911741458120717e-02 -2.152610145634148875e+00
1.835035215572925621e-02 -2.150756492598915326e+00
2.089497635143802018e-02 -2.148915949525640023e+00
2.344346001383655967e-02 -2.147087106886175434e+00
2.599627386792779937e-02 -2.145268750502321353e+00
2.855388943853536324e-02 -2.143459812756098426e+00
3.111677913739721579e-02 -2.141659339470527446e+00
3.368541635042485161e-02 -2.139866466508931975e+00
3.626027552514073105e-02 -2.138080402702713823e+00
3.884183225831264186e-02 -2.136300417052499956e+00
4.143056338380016190e-02 -2.134525828914100920e+00
4.402694706062961622e-02 -2.132756000325684020e+00
4.663146286131385210e-02 -2.130990329905400937e+00
4.924459186043303460e-02 -2.129228247927859474e+00
5.186681672349290062e-02 -2.127469212298028989e+00
5.449862179607690982e-02 -2.125712705221215693e+00
5.714049319330864046e-02 -2.123958230419715765e+00
5.979291888964112511e-02 -2.122205310784359256e+00
6.245638880898958523e-02 -2.120453486377305907e+00
6.513139491522416946e-02 -2.118702312717145819e+00
6.781843130303963352e-02 -2.116951359300871083e+00
7.051799428921844137e-02 -2.115200208316090791e+00
7.323058250430448946e-02 -2.113448453518470771e+00
7.595669698470411402e-02 -2.111695699241367130e+00
7.869684126523099343e-02 -2.109941559521430587e+00
8.145152147211377758e-02 -2.108185657324454620e+00
8.422124641648107146e-02 -2.106427623850489095e+00
8.700652768834296613e-02 -2.104667097916602003e+00
8.980787975108578403e-02 -2.102903725397611723e+00
9.262582003649745543e-02 -2.101137158723068499e+00
9.546086904034124798e-02 -2.099367056422009270e+00
9.831355041849557108e-02 -2.097593082710635937e+00
1.011843910836771193e-01 -2.095814907112255376e+00
1.040739213027659371e-01 -2.094032204116420104e+00
1.069826747947499185e-01 -2.092244652860862253e+00
1.099111888293068107e-01 -2.090451936843474634e+00
1.128600043260422209e-01 -2.088653743654847794e+00
1.158296659544016532e-01 -2.086849764732417345e+00
1.188207222342753805e-01 -2.085039695133825255e+00
1.218337256373142052e-01 -2.083223233325503632e+00
1.248692326889755122e-01 -2.081400080987640955e+00
1.279278040713177356e-01 -2.079569942832827589e+00
1.310100047265631285e-01 -2.077732526437055416e+00
1.341164039614459735e-01 -2.075887542081427117e+00
1.372475755523696050e-01 -2.074034702606358138e+00
1.404040978513862448e-01 -2.072173723272398238e+00
1.435865538930235774e-01 -2.070304321632625122e+00
1.467955315019758566e-01 -2.068426217411484025e+00
1.500316234016796368e-01 -2.066539132391808753e+00
1.532954273237945308e-01 -2.064642790308836684e+00
1.565875461186088946e-01 -2.062736916749070115e+00
1.599085878663911164e-01 -2.060821239057752052e+00
1.632591659897067726e-01 -2.058895486250384543e+00
1.666398993667226047e-01 -2.056959388927788179e+00
1.700514124455181630e-01 -2.055012679199838210e+00
1.734943353594263493e-01 -2.053055090610267364e+00
1.769693040434240638e-01 -2.051086358066523285e+00
1.804769603515941068e-01 -2.049106217775265026e+00
1.840179521756811210e-01 -2.047114407179006168e+00
1.875929335647619767e-01 -2.045110664898594166e+00
1.912025648460540239e-01 -2.043094730676850990e+00
1.948475127468820844e-01 -2.041066345327468223e+00
1.985284505178292191e-01 -2.039025250684416424e+00
2.022460580570908939e-01 -2.036971189557598372e+00
2.060010220360574684e-01 -2.034903905687003967e+00
2.097940360261480452e-01 -2.032823143702925162e+00
2.136258006269181886e-01 -2.030728649086591897e+00
2.174970235954666598e-01 -2.028620168133763890e+00
2.214084199771634009e-01 -2.026497447920499795e+00
2.253607122377242200e-01 -2.024360236270789315e+00
2.293546303966558231e-01 -2.022208281726976864e+00
2.333909121620960092e-01 -2.020041333520941063e+00
2.374703030670745618e-01 -2.017859141548267399e+00
2.415935566072186513e-01 -2.015661456343348146e+00
2.457614343799297829e-01 -2.013448029056869260e+00
2.499747062250564367e-01 -2.011218611434433701e+00
2.542341503670899061e-01 -2.008972955797128535e+00
2.585405535589083703e-01 -2.006710815024010941e+00
2.628947112270966224e-01 -2.004431942535203959e+00
2.672974276188662679e-01 -2.002136092277547075e+00
2.717495159506086999e-01 -1.999823018710097822e+00
2.762517985581010582e-01 -1.997492476793525151e+00
2.808051070483984502e-01 -1.995144221978232713e+00
2.854102824534384686e-01 -1.992778010195322302e+00
2.900681753853864286e-01 -1.990393597849260843e+00
2.947796461937498558e-01 -1.987990741809437800e+00
2.995455651242920903e-01 -1.985569199406675089e+00
3.043668124797733743e-01 -1.983128728426983844e+00
3.092442787825498973e-01 -1.980669087110131787e+00
3.141788649390600541e-01 -1.978190034146543930e+00
3.191714824062291678e-01 -1.975691328677248837e+00
3.242230533598225994e-01 -1.973172730293510480e+00
3.293345108647788844e-01 -1.970633999039400841e+00
3.345067990475543152e-01 -1.968074895413200576e+00
3.397408732705105017e-01 -1.965495180372032413e+00
3.450377003083771599e-01 -1.962894615336287618e+00
3.503982585268230476e-01 -1.960272962196015323e+00
3.558235380631685763e-01 -1.957629983316893307e+00
3.613145410092697962e-01 -1.954965441548966787e+00
3.668722815966154460e-01 -1.952279100235691178e+00
3.724977863836618219e-01 -1.949570723223351454e+00
3.781920944454466027e-01 -1.946840074873170678e+00
3.839562575655141585e-01 -1.944086920072189528e+00
3.897913404301881490e-01 -1.941311024247846406e+00
3.956984208252277146e-01 -1.938512153380610226e+00
4.016785898349026773e-01 -1.935690074020025131e+00
4.077329520435258869e-01 -1.932844553301140245e+00
4.138626257394782404e-01 -1.929975358960117848e+00
4.200687431217652867e-01 -1.927082259354343963e+00
4.263524505091437211e-01 -1.924165023479940118e+00
4.327149085518549043e-01 -1.921223420992128172e+00
4.391572924460069305e-01 -1.918257222227464753e+00
4.456807921506415471e-01 -1.915266198223936733e+00
4.522866126075298920e-01 -1.912250120745524473e+00
4.589759739637343516e-01 -1.909208762305082852e+00
4.657501117969796711e-01 -1.906141896190466589e+00
4.726102773438720095e-01 -1.903049296489125464e+00
4.795577377310155098e-01 -1.899930738115700901e+00
4.865937762090582486e-01 -1.896785996839405186e+00
4.937196923897190781e-01 -1.893614849313934867e+00
5.009368024858364965e-01 -1.890417073105405077e+00
5.082464395544834534e-01 -1.887192446724919259e+00
5.156499537431931124e-01 -1.883940749658416625e+00
5.231487125393423643e-01 -1.880661762401116599e+00
5.307441010227369471e-01 -1.877355266489313390e+00
5.384375221214472429e-01 -1.874021044536911873e+00
5.462303968709392166e-01 -1.870658880269260749e+00
5.541241646765515672e-01 -1.867268558560356784e+00
5.621202835793652763e-01 -1.863849865469782152e+00
5.702202305255148485e-01 -1.860402588282166425e+00
5.784255016389918680e-01 -1.856926515545464174e+00
5.867376124979915009e-01 -1.853421437111749670e+00
5.951580984148510112e-01 -1.849887144178498977e+00
6.036885147196352497e-01 -1.846323429330076094e+00
6.123304370474154101e-01 -1.842730086582392568e+00
6.210854616293052244e-01 -1.839106911425590019e+00
6.299552055872948975e-01 -1.835453700869563720e+00
6.389413072329468424e-01 -1.831770253491172173e+00
6.480454263700046180e-01 -1.828056369478916254e+00
6.572692446009719136e-01 -1.824311850682936997e+00
6.666144656377180899e-01 -1.820536500662563117e+00
6.760828156161665659e-01 -1.816730124737638619e+00
6.856760434151258909e-01 -1.812892530037419681e+00
6.953959209793216800e-01 -1.809023525554269263e+00
7.052442436466888065e-01 -1.805122922194033919e+00
7.152228304799836955e-01 -1.801190532832421809e+00
7.253335246027808880e-01 -1.797226172366855446e+00
7.355781935399109406e-01 -1.793229657773995456e+00
7.459587295624081626e-01 -1.789200808165221535e+00
7.564770500370275874e-01 -1.785139444843308221e+00
7.671350977803974569e-01 -1.781045391362436003e+00
7.779348414178729465e-01 -1.776918473585987091e+00
7.888782757471577423e-01 -1.772758519746793437e+00
7.999674221067556434e-01 -1.768565360508325801e+00
8.112043287493321264e-01 -1.764338829026941280e+00
8.225910712200400488e-01 -1.760078761013939896e+00
8.341297527398896516e-01 -1.755784994799611143e+00
8.458225045942299181e-01 -1.751457371397898033e+00
8.576714865264145615e-01 -1.747095734571697534e+00
8.696788871367221452e-01 -1.742699930899015426e+00
8.818469242866099345e-01 -1.738269809839789293e+00
8.941778455083679855e-01 -1.733805223805439999e+00
9.066739284202578464e-01 -1.729306028224965708e+00
9.193374811472058150e-01 -1.724772081617976349e+00
9.321708427471318004e-01 -1.720203245661515945e+00
9.451763836429923904e-01 -1.715599385264861221e+00
9.583565060606151764e-01 -1.710960368639121265e+00
9.717136444724105981e-01 -1.706286067371397097e+00
9.852502660470369156e-01 -1.701576356497131348e+00
9.989688711051064596e-01 -1.696831114576812238e+00
1.012871993581014207e+00 -1.692050223768281514e+00
1.026962201490973614e+00 -1.687233569904728059e+00
1.041242097407353517e+00 -1.682381042570928020e+00
1.055714318939390051e+00 -1.677492535179091693e+00
1.070381539220376155e+00 -1.672567945049445060e+00
1.085246467401408399e+00 -1.667607173486222116e+00
1.100311849151790922e+00 -1.662610125858504206e+00
1.115580467166179091e+00 -1.657576711679735748e+00
1.131055141678567688e+00 -1.652506844688648391e+00
1.146738730983209553e+00 -1.647400442930142317e+00
1.162634131962565043e+00 -1.642257428836331412e+00
1.178744280622378460e+00 -1.637077729309616814e+00
1.195072152633982476e+00 -1.631861275806026024e+00
1.211620763883926921e+00 -1.626608004416472353e+00
1.228393171031037401e+00 -1.621317855953275489e+00
1.245392472071005230e+00 -1.615990776031808629e+00
1.262621806908609257e+00 -1.610626715156626476e+00
1.280084357937683492e+00 -1.605225628806566274e+00
1.297783350628929799e+00 -1.599787477519247991e+00
1.315722054125683327e+00 -1.594312226977928848e+00
1.333903781847757042e+00 -1.588799848097323331e+00
1.352331892103450617e+00 -1.583250317108825023e+00
1.371009788709858235e+00 -1.577663615649144369e+00
1.389940921621580561e+00 -1.572039730846091610e+00
1.409128787567957231e+00 -1.566378655405438414e+00
1.428576930698942649e+00 -1.560680387699435956e+00
1.448288943239735893e+00 -1.554944931852300982e+00
1.468268466154294183e+00 -1.549172297829364719e+00
1.488519189817848476e+00 -1.543362501523518837e+00
1.509044854698542881e+00 -1.537515564843924265e+00
1.529849252048330221e+00 -1.531631515801821219e+00
1.550936224603245428e+00 -1.525710388600068024e+00
1.572309667293188884e+00 -1.519752223718418227e+00
1.593973527961350944e+00 -1.513757068002828499e+00
1.615931808093411082e+00 -1.507724974750634495e+00
1.638188563556639776e+00 -1.501656003798861105e+00
1.660747905349056364e+00 -1.495550221609650343e+00
1.683614000358751195e+00 -1.489407701357479130e+00
1.706791072133555742e+00 -1.483228523013574218e+00
1.730283401661156573e+00 -1.477012773433442394e+00
1.754095328159831269e+00 -1.470760546439942029e+00
1.778231249879933529e+00 -1.464471942909476132e+00
1.802695624916286432e+00 -1.458147070854533878e+00
1.827492972031627971e+00 -1.451786045507448053e+00
1.852627871491260736e+00 -1.445388989403167734e+00
1.878104965909064505e+00 -1.438956032462009427e+00
1.903928961105021189e+00 -1.432487312069209651e+00
1.930104626974420423e+00 -1.425982973156072919e+00
1.956636798368893038e+00 -1.419443168280418055e+00
1.983530375989449812e+00 -1.412868057703491997e+00
2.010790327291675617e+00 -1.406257809468228981e+00
2.038421687403261018e+00 -1.399612599475680508e+00
2.066429560054028780e+00 -1.392932611561296330e+00
2.094819118518632894e+00 -1.386218037566838479e+00
2.123595606572101779e+00 -1.379469077415809375e+00
2.152764339458409726e+00 -1.372685939183525994e+00
2.182330704872234239e+00 -1.365868839168195681e+00
2.212300163954117327e+00 -1.359018001958726796e+00
2.242678252299175945e+00 -1.352133660503078483e+00
2.273470580979568556e+00 -1.345216056173856423e+00
2.304682837580906085e+00 -1.338265438831832910e+00
2.336320787252793796e+00 -1.331282066889551086e+00
2.368390273773699928e+00 -1.324266207370174753e+00
2.400897220630347384e+00 -1.317218135967301862e+00
2.433847632111827419e+00 -1.310138137102449196e+00
2.467247594418640499e+00 -1.303026503979108908e+00
2.501103276786865059e+00 -1.295883538635701937e+00
2.535420932627663326e+00 -1.288709551995871783e+00
2.570206900682337370e+00 -1.281504863918185633e+00
2.605467606193142327e+00 -1.274269803241192545e+00
2.641209562090080176e+00 -1.267004707827720233e+00
2.677439370193889445e+00 -1.259709924606252640e+00
2.714163722435453785e+00 -1.252385809609806833e+00
2.751389402091856784e+00 -1.245032728012348544e+00
2.789123285039294409e+00 -1.237651054162395958e+00
2.827372341023121738e+00 -1.230241171613703166e+00
2.866143634945207630e+00 -1.222803473154093989e+00
2.905444328168883317e+00 -1.215338360829476105e+00
2.945281679841696310e+00 -1.207846245967851617e+00
2.985663048236239625e+00 -1.200327549196265942e+00
3.026595892109276598e+00 -1.192782700459198875e+00
3.068087772079436615e+00 -1.185212139029793388e+00
3.110146352023718919e+00 -1.177616313519797897e+00
3.152779400493067818e+00 -1.169995681886421002e+00
3.195994792147292429e+00 -1.162350711434202211e+00
3.239800509209571633e+00 -1.154681878814746154e+00
3.284204642940837804e+00 -1.146989670023593755e+00
3.329215395134293765e+00 -1.139274580388922820e+00
3.374841079630351626e+00 -1.131537114563646140e+00
3.421090123852259524e+00 -1.123777786506968024e+00
3.467971070362720010e+00 -1.115997119467429410e+00
3.515492578441763438e+00 -1.108195645956209674e+00
3.563663425686181885e+00 -1.100373907722968170e+00
3.612492509630830462e+00 -1.092532455721913154e+00
3.661988849392066925e+00 -1.084671850077467026e+00
3.712161587333652424e+00 -1.076792660042783067e+00
3.763019990755415822e+00 -1.068895463956492931e+00
3.814573453605005771e+00 -1.060980849193820630e+00
3.866831498213015639e+00 -1.053049412112103678e+00
3.919803777051841021e+00 -1.045101757994142844e+00
3.973500074518567793e+00 -1.037138500985639977e+00
4.027930308742218912e+00 -1.029160264027754623e+00
4.083104533415718329e+00 -1.021167678784516752e+00
4.139032939652886434e+00 -1.013161385567867168e+00
4.195725857870820086e+00 -1.005142033254580403e+00
4.253193759697992071e+00 -9.971102792007094928e-01
4.311447259908460339e+00 -9.890667891498552411e-01
4.370497118382487223e+00 -9.810122371371693406e-01
4.430354242093975436e+00 -9.729473053872497168e-01
4.491029687125083214e+00 -9.648726842077414156e-01
4.552534660708346337e+00 -9.567890718776591585e-01
4.614880523296770676e+00 -9.486971745309399351e-01
4.678078790662177688e+00 -9.405977060335111162e-01
4.742141136022266501e+00 -9.324913878553692248e-01
4.807079392196745182e+00 -9.243789489391096570e-01
4.872905553792948652e+00 -9.162611255607041594e-01
4.939631779421335800e+00 -9.081386611858888180e-01
5.007270393941279707e+00 -9.000123063222796871e-01
5.075833890737567522e+00 -8.918828183641448470e-01
5.145334934028026552e+00 -8.837509614313243667e-01
5.215786361202707333e+00 -8.756175062069958548e-01
5.287201185195045561e+00 -8.674832297639997192e-01
5.359592596885461191e+00 -8.593489153903780542e-01
5.432973967537797044e+00 -8.512153524056541576e-01
5.507358851269144040e+00 -8.430833359764889900e-01
5.582760987553323062e+00 -8.349536669208836859e-01
5.659194303758750877e+00 -8.268271515119964832e-01
5.736672917720861520e+00 -8.187046012734606748e-01
5.815211140349852315e+00 -8.105868327703604770e-01
5.894823478273947259e+00 -8.024746673959036736e-01
5.975524636518967370e+00 -7.943689311491801686e-01
6.057329521224376734e+00 -7.862704544118400696e-01
6.140253242396655153e+00 -7.781800717166688086e-01
6.224311116700143032e+00 -7.700986215117505695e-01
6.309518670286240472e+00 -7.620269459182814620e-01
6.395891641661123117e+00 -7.539658904861438193e-01
6.483445984592853151e+00 -7.459163039410429130e-01
6.572197871058091501e+00 -7.378790379277996303e-01
6.662163694229215949e+00 -7.298549467496828758e-01
6.753360071502314099e+00 -7.218448871008971146e-01
6.845803847566457989e+00 -7.138497177953240236e-01
6.939512097515150302e+00 -7.058702994907054551e-01
7.034502130000125142e+00 -6.979074944083503151e-01
7.130791490428499912e+00 -6.899621660460921735e-01
7.228397964203443493e+00 -6.820351788895100409e-01
7.327339580009383901e+00 -6.741273981168937057e-01
7.427634613141947284e+00 -6.662396893016768740e-01
7.529301588883646090e+00 -6.583729181080606452e-01
7.632359285925550907e+00 -6.505279499858279690e-01
7.736826739835960254e+00 -6.427056498587607747e-01
7.842723246576310814e+00 -6.349068818100923606e-01
7.950068366065411674e+00 -6.271325087650401198e-01
8.058881925792197976e+00 -6.193833921687871280e-01
8.169184024478132855e+00 -6.116603916616166758e-01
8.280995035789500136e+00 -6.039643647511748759e-01
8.394335612100679356e+00 -5.962961664810616513e-01
8.509226688308711317e+00 -5.886566490976199439e-01
8.625689485700174686e+00 -5.810466617123724031e-01
8.743745515870980256e+00 -5.734670499645072583e-01
8.863416584699614020e+00 -5.659186556786588440e-01
8.984724796374983669e+00 -5.584023165219205165e-01
9.107692557479115436e+00 -5.509188656589335542e-01
9.232342581125944747e+00 -5.434691314045679844e-01
9.358697891156483095e+00 -5.360539368767480717e-01
9.486781826391633032e+00 -5.286740996452636843e-01
9.616618044942921273e+00 -5.213304313837188175e-01
9.748230528582464416e+00 -5.140237375157269417e-01
9.881643587172471044e+00 -5.067548168649006479e-01
1.001688186315558404e+01 -4.995244613023732683e-01
1.015397033610640953e+01 -4.923334553941995373e-01
1.029293432734556646e+01 -4.851825760500594331e-01
1.043379950461661565e+01 -4.780725921708255943e-01
1.057659188682720597e+01 -4.710042642992064987e-01
1.072133784885487628e+01 -4.639783442689231485e-01
1.086806412641873365e+01 -4.569955748560016739e-01
1.101679782101781591e+01 -4.500566894324968814e-01
1.116756640493682795e+01 -4.431624116203421448e-01
1.132039772632063368e+01 -4.363134549485283564e-01
1.147532001431786597e+01 -4.295105225119780212e-01
1.163236188429524631e+01 -4.227543066340904709e-01
1.179155234312289302e+01 -4.160454885297389938e-01
1.195292079453229839e+01 -4.093847379738189685e-01
1.211649704454723953e+01 -4.027727129733188471e-01
1.228231130698937967e+01 -3.962100594414516008e-01
1.245039420905881400e+01 -3.896974108762852884e-01
1.262077679699132915e+01 -3.832353880453240325e-01
1.279349054179271228e+01 -3.768245986725178853e-01
1.296856734505187525e+01 -3.704656371324233644e-01
1.314603954483314396e+01 -3.641590841472532869e-01
1.332593992164954599e+01 -3.579055064910485195e-01
1.350830170451742518e+01 -3.517054566996868359e-01
1.369315857709431228e+01 -3.455594727868623317e-01
1.388054468390037854e+01 -3.394680779649058566e-01
1.407049463662528765e+01 -3.334317803752380183e-01
1.426304352052128799e+01 -3.274510728224664380e-01
1.445822690088361107e+01 -3.215264325194489570e-01
1.465608082961981040e+01 -3.156583208370064009e-01
1.485664185190866782e+01 -3.098471830609776934e-01
1.505994701295056792e+01 -3.040934481620941598e-01
1.526603386480981683e+01 -2.983975285683169165e-01
1.547494047335103673e+01 -2.927598199493866016e-01
1.568670542527001466e+01 -2.871807010093480050e-01
1.590136783522116914e+01 -2.816605332887995305e-01
1.611896735304212669e+01 -2.761996609752148668e-01
1.633954417107758417e+01 -2.707984107247510819e-01
1.656313903160291900e+01 -2.654570914923950475e-01
1.678979323434984749e+01 -2.601759943729795022e-01
1.701954864413455581e+01 -2.549553924523105808e-01
1.725244769859073202e+01 -2.497955406697920933e-01
1.748853341600785072e+01 -2.446966756904952189e-01
1.772784940327727909e+01 -2.396590157893083717e-01
1.797043986394654880e+01 -2.346827607450647224e-01
1.821634960638423095e+01 -2.297680917468546691e-01
1.846562405205646584e+01 -2.249151713133327457e-01
1.871830924391646178e+01 -2.201241432197576786e-01
1.897445185490923691e+01 -2.153951324417821001e-01
1.923409919659220435e+01 -2.107282451066898321e-01
1.949729922787430070e+01 -2.061235684606432805e-01
1.976410056387405589e+01 -2.015811708446365313e-01
2.003455248489946783e+01 -1.971011016866796584e-01
2.030870494555022532e+01 -1.926833915020864652e-01
2.058660858394495818e+01 -1.883280519100783146e-01
2.086831473107423207e+01 -1.840350756610607819e-01
2.115387542028205559e+01 -1.798044366761279989e-01
2.144334339687656765e+01 -1.756360901010562969e-01
2.173677212787282897e+01 -1.715299723713761548e-01
2.203421581186825762e+01 -1.674860012912881835e-01
2.233572938905387772e+01 -1.635040761238868989e-01
2.264136855136191429e+01 -1.595840776962116903e-01
2.295118975275264717e+01 -1.557258685152023980e-01
2.326525021964205564e+01 -1.519292928962156786e-01
2.358360796147165317e+01 -1.481941771062449398e-01
2.390632178142366371e+01 -1.445203295179164349e-01
2.423345128728205111e+01 -1.409075407747134301e-01
2.456505690244295081e+01 -1.373555839721582184e-01
2.490119987707493721e+01 -1.338642148473846438e-01
2.524194229943278600e+01 -1.304331719843198067e-01
2.558734710732533557e+01 -1.270621770263512251e-01
2.593747809974091822e+01 -1.237509349069614573e-01
2.629239994863116792e+01 -1.204991340848286518e-01
2.665217821085686722e+01 -1.173064467961227597e-01
2.701687934029635585e+01 -1.141725293151515247e-01
2.738657070012054007e+01 -1.110970222270393770e-01
2.776132057523496499e+01 -1.080795507095931723e-01
2.814119818489299263e+01 -1.051197248275809182e-01
2.852627369548075009e+01 -1.022171398371186091e-01
2.891661823347778437e+01 -9.937137649808820694e-02
2.931230389859435803e+01 -9.658200139783397475e-02
2.971340377708898473e+01 -9.384856728486165589e-02
3.011999195526815853e+01 -9.117061340826937421e-02
3.053214353317036256e+01 -8.854766587230834818e-02
3.094993463843803028e+01 -8.597923799020094904e-02
3.137344244037848284e+01 -8.346483065510777732e-02
3.180274516421819087e+01 -8.100393271255322547e-02
3.223792210555108539e+01 -7.859602134307965005e-02
3.267905364498555087e+01 -7.624056245071841875e-02
3.312622126299093850e+01 -7.393701105857004852e-02
3.357950755494805861e+01 -7.168481171014161324e-02
3.403899624640476418e+01 -6.948339887621961253e-02
3.450477220854116212e+01 -6.733219736741827277e-02
3.497692147384554318e+01 -6.523062275198174276e-02
3.545553125200573419e+01 -6.317808177696800087e-02
3.594068994601689582e+01 -6.117397279388529785e-02
3.643248716851080360e+01 -5.921768618799830297e-02
3.693101375830745781e+01 -5.730860481129097794e-02
3.743636179719425172e+01 -5.544610441666344980e-02
3.794862462693373573e+01 -5.362955409684930230e-02
3.846789686650482309e+01 -5.185831672029402040e-02
3.899427442957979650e+01 -5.013174937387809144e-02
3.952785454223989348e+01 -4.844920380403022753e-02
4.006873576093424560e+01 -4.681002685626394627e-02
4.061701799068351448e+01 -4.521356091803585553e-02
4.117280250353363158e+01 -4.365914435909450109e-02
4.173619195726104891e+01 -4.214611196999813042e-02
4.230729041433496462e+01 -4.067379540249017877e-02
4.288620336113793030e+01 -3.924152360417763191e-02
4.347303772745055994e+01 -3.784862325235915231e-02
4.406790190620177583e+01 -3.649441918474500418e-02
4.467090577349036096e+01 -3.517823482779641048e-02
4.528216070887938827e+01 -3.389939262081487215e-02
4.590177961596950951e+01 -3.265721443453717399e-02
4.652987694325247503e+01 -3.145102198727264819e-02
4.716656870525136469e+01 -3.028013725534723505e-02
4.781197250394878040e+01 -2.914388287655707635e-02
4.846620755050911100e+01 -2.804158254982223528e-02
4.912939468729803849e+01 -2.697256142839436419e-02
4.980165641020244038e+01 -2.593614650553406273e-02
5.048311689125711865e+01 -2.493166699376847539e-02
5.117390200157953473e+01 -2.395845469795792118e-02
5.187413933462001836e+01 -2.301584437741975922e-02
5.258395822972848777e+01 -2.210317410477162167e-02
5.330348979604521276e+01 -2.121978561282854975e-02
5.403286693671693541e+01 -2.036502463414359074e-02
5.477222437344592976e+01 -1.953824123351895550e-02
5.552169867137333625e+01 -1.873879012587620005e-02
5.628142826430464396e+01 -1.796603099403965009e-02
5.705155348027869877e+01 -1.721932878673257741e-02
5.783221656748818162e+01 -1.649805401298524987e-02
5.862356172055316250e+01 -1.580158302605081527e-02
5.942573510715586593e+01 -1.512929829504732274e-02
6.023888489503805488e+01 -1.448058866619018198e-02
6.106316127936970872e+01 -1.385484961719882571e-02
6.189871651049043066e+01 -1.325148349607385007e-02
6.274570492203173444e+01 -1.266989975085553062e-02
6.360428295942384835e+01 -1.210951515062085905e-02
6.447460920879177593e+01 -1.156975399236132365e-02
6.535684442624820178e+01 -1.105004829920511709e-02
6.625115156758559465e+01 -1.054983800448579950e-02
6.715769581837625424e+01 -1.006857112883239105e-02
6.807664462448255449e+01 -9.605703942075254770e-03
6.900816772298634305e+01 -9.160701116167114383e-03
6.995243717353987734e+01 -8.733035867123550150e-03
7.090962739014744898e+01 -8.322190083711922953e-03
7.187991517338016934e+01 -7.927654446758384751e-03
7.286347974303328101e+01 -7.548928538091585934e-03
7.386050277122859598e+01 -7.185520936927021138e-03
7.487116841597170946e+01 -6.836949305397584976e-03
7.589566335516639128e+01 -6.502740463943497244e-03
7.693417682109654265e+01 -6.182430457048179728e-03
7.798690063537785022e+01 -5.875564606492917306e-03
7.905402924438976697e+01 -5.581697555501650802e-03
8.013575975519036376e+01 -5.300393302300990261e-03
8.123229197192398487e+01 -5.031225225193730263e-03
8.234382843272703667e+01 -4.773776093032975829e-03
8.347057444713742314e+01 -4.527638074543127375e-03
8.461273813401791699e+01 -4.292412728762769539e-03
8.577053045999630854e+01 -4.067710992127266181e-03
8.694416527843361564e+01 -3.853153158854954585e-03
8.813385936892343864e+01 -3.648368843260831745e-03
8.933983247733399935e+01 -3.452996944869302434e-03
9.056230735639566376e+01 -3.266685595625790084e-03
9.180150980684655337e+01 -3.089092108723427710e-03
9.305766871913814953e+01 -2.919882909537445739e-03
9.433101611571477463e+01 -2.758733468035541071e-03
9.562178719386841408e+01 -2.605328220041104332e-03
9.693022036918300444e+01 -2.459360480768933190e-03
9.825655731957014893e+01 -2.320532356651435965e-03
9.960104302991049963e+01 -2.188554644637016183e-03
1.009639258373029946e+02 -2.063146729163827051e-03
1.023454574769353655e+02 -1.944036477700992810e-03
1.037458931285819546e+02 -1.830960120701894409e-03
1.051654914637364016e+02 -1.723662136213194524e-03
1.066045146933915078e+02 -1.621895127236819322e-03
1.080632286164704539e+02 -1.525419690928285586e-03
1.095419026689232140e+02 -1.434004289179145915e-03
1.110408099734921734e+02 -1.347425111278741181e-03
1.125602273901614581e+02 -1.265465938516199774e-03
1.141004355672936299e+02 -1.187917998421937496e-03
1.156617189934693215e+02 -1.114579822044147470e-03
1.172443660500327098e+02 -1.045257096407340184e-03
1.188486690643596546e+02 -9.797625176919350174e-04
1.204749243638511160e+02 -9.179156353680119427e-04
1.221234323306688765e+02 -8.595427029094925789e-04
1.237944974572166785e+02 -8.044765226815198513e-04
1.254884284023843009e+02 -7.525562905408228823e-04
1.272055380485574005e+02 -7.036274401662992060e-04
1.289461435594110412e+02 -6.575414875042225223e-04
1.307105664384909574e+02 -6.141558711496441928e-04
1.324991325885983429e+02 -5.733337970714680537e-04
1.343121723719873728e+02 -5.349440822555853519e-04
1.361500206713840839e+02 -4.988609974121019711e-04
1.380130169518437810e+02 -4.649641108700300644e-04
1.399015053234509480e+02 -4.331381346233699188e-04
1.418158346048809904e+02 -4.032727686750477505e-04
1.437563583878280156e+02 -3.752625497833196860e-04
1.457234351023176373e+02 -3.490066992582797640e-04
1.477174280829102599e+02 -3.244089715972013361e-04
1.497387056358135169e+02 -3.013775086552491307e-04
1.517876411069093763e+02 -2.798246908128102992e-04
1.538646129507162073e+02 -2.596669943952423405e-04
1.559700048002901838e+02 -2.408248483802916064e-04
1.581042055380873705e+02 -2.232224919010513298e-04
1.602676093677912945e+02 -2.067878412636065986e-04
1.624606158871277160e+02 -1.914523514328640881e-04
1.646836301616710898e+02 -1.771508829180160386e-04
1.669370627996658243e+02 -1.638215727800729129e-04
1.692213300278666281e+02 -1.514057078487562717e-04
1.715368537684200021e+02 -1.398475967624533006e-04
1.738840617167971914e+02 -1.290944517343413204e-04
1.762633874207910196e+02 -1.190962679600094732e-04
1.786752703605979491e+02 -1.098057087330734326e-04
1.811201560299910227e+02 -1.011779888512877833e-04
1.835984960186085857e+02 -9.317076916588567777e-05
1.861107480953640447e+02 -8.574404901601407778e-05
1.886573762930017040e+02 -7.886005674690298064e-05
1.912388509938049879e+02 -7.248315692734730060e-05
1.938556490164819763e+02 -6.657974781027462853e-05
1.965082537042354147e+02 -6.111816475886431394e-05
1.991971550140422664e+02 -5.606859509790998865e-05
2.019228496071500842e+02 -5.140298166313313314e-05
2.046858409408170587e+02 -4.709494295609237984e-05
2.074866393613016555e+02 -4.311968876429949916e-05
2.103257621981304055e+02 -3.945393785301087180e-05
2.132037338596504128e+02 -3.607584631338834344e-05
2.161210859298923879e+02 -3.296492637187384170e-05
2.190783572667600652e+02 -3.010198376908061450e-05
2.220760941015585956e+02 -2.746904143707083333e-05
2.251148501398905069e+02 -2.504928036385429462e-05
2.281951866639270179e+02 -2.282697217981389376e-05
2.313176726360839837e+02 -2.078742009784392833e-05
2.344828848041107392e+02 -1.891690354985038058e-05
2.376914078076229657e+02 -1.720261853305086395e-05
2.409438342860872240e+02 -1.563262982063312855e-05
2.442407649882892713e+02 -1.419581618024181894e-05
2.475828088832938647e+02 -1.288182464397023366e-05
2.509705832729293888e+02 -1.168102553885222076e-05
2.544047139058050675e+02 -1.058446593929278652e-05
2.578858350928950358e+02 -9.583830148031953608e-06
2.614145898246971456e+02 -8.671402127196991367e-06
2.649916298900017182e+02 -7.840023460736733461e-06
2.686176159962789143e+02 -7.083060363095291522e-06
2.722932178917196779e+02 -6.394372276961782136e-06
2.760191144889408292e+02 -5.768275358348095048e-06
2.797959939903865916e+02 -5.199515634985600449e-06
2.836245540154462788e+02 -4.683238598665462061e-06
2.875055017293075252e+02 -4.214964985017336034e-06
2.914395539735781426e+02 -3.790560493351430917e-06
2.954274373986892783e+02 -3.406219161607860533e-06
2.994698885981168814e+02 -3.058433968321573721e-06
3.035676542444326742e+02 -2.743976607815748485e-06
3.077214912272244192e+02 -2.459881869152378823e-06
3.119321667928952024e+02 -2.203425394058328752e-06
3.162004586863840245e+02 -1.972105101362555418e-06
3.205271552948173621e+02 -1.763627918885777705e-06
3.249130557931346175e+02 -1.575893521409412236e-06
3.293589702916977444e+02 -1.406977255363819721e-06
3.338657199859293314e+02 -1.255119814490774005e-06
3.384341373079896584e+02 -1.118712832243390834e-06
3.430650660805375765e+02 -9.962887689094944412e-07
3.477593616725868060e+02 -8.865065507723053124e-07
3.525178911575044367e+02 -7.881463040408516179e-07
3.573415334731611210e+02 -7.000941238895229174e-07
3.622311795842804827e+02 -6.213397167299907346e-07
3.671877326470086587e+02 -5.509624278389979606e-07
3.722121081757303500e+02 -4.881260966022951025e-07
3.773052342121761171e+02 -4.320731039157036125e-07
3.824680514968345051e+02 -3.821154283082995795e-07
3.877015136427187372e+02 -3.376302230799671643e-07
3.930065873115019031e+02 -2.980543664905752325e-07
3.983842523920717440e+02 -2.628773130573450066e-07
4.038355021815190184e+02 -2.316391754363154062e-07
4.093613435686124262e+02 -2.039248457411984452e-07
4.149627972197730514e+02 -1.793592268176594965e-07
4.206408977676060204e+02 -1.576056907585154920e-07
4.263966940019986396e+02 -1.383593183262904755e-07
4.322312490638464624e+02 -1.213480997933762134e-07
4.381456406414176854e+02 -1.063267051572791936e-07
4.441409611694168120e+02 -9.307548146680721825e-08
4.502183180307606563e+02 -8.139627558440764372e-08
4.563788337611225643e+02 -7.111339278910508080e-08
4.626236462562766292e+02 -6.206843464775756372e-08
4.689539089822696951e+02 -5.412024956812487737e-08
4.753707911884827695e+02 -4.714286229284225541e-08
4.818754781235936093e+02 -4.102443186545143950e-08
4.884691712545081828e+02 -3.566329799281521722e-08
4.951530884882745340e+02 -3.097163581875816736e-08
5.019284643970464685e+02 -2.686970312985632788e-08
5.087965504461116097e+02 -2.328698371651238629e-08
5.157586152250546547e+02 -2.016115058618893857e-08
5.228159446820677658e+02 -1.743110577213711890e-08
5.299698423614834155e+02 -1.505943870812602904e-08
5.372216296445410535e+02 -1.299676754156040032e-08
5.445726459934653576e+02 -1.122559756088749912e-08
5.520242491988665279e+02 -9.669354930993274087e-09
5.595778156305433413e+02 -8.319834373821313072e-09
5.672347404917017002e+02 -7.151072889967823552e-09
5.749964380766673457e+02 -6.139743403021011647e-09
5.828643420321100166e+02 -5.265572400374145356e-09
5.908399056218529495e+02 -4.508999220286305698e-09
5.989246019953041014e+02 -3.862619796221016256e-09
6.071199244595526352e+02 -3.304259213534605539e-09
6.154273867552017236e+02 -2.815389721135465169e-09
6.238485233359604081e+02 -2.400995195021420752e-09
6.323848896520773906e+02 -2.045218481155957554e-09
6.410380624376371088e+02 -1.740030424113638718e-09
6.498096400018032455e+02 -1.478646719875051810e-09
6.587012425240296807e+02 -1.255257938891170583e-09
6.677145123533300648e+02 -1.064136243304545611e-09
6.768511143116231779e+02 -9.011245039791198428e-10
6.861127360012483223e+02 -7.621708442825591708e-10
6.955010881166683703e+02 -6.439073172691828968e-10
7.050179047604594871e+02 -5.433191517300433702e-10
7.146649437636026505e+02 -4.577283522475959508e-10
7.244439870101787164e+02 -3.853962670712752376e-10
7.343568407664890856e+02 -3.239473926812790809e-10
7.444053360146892828e+02 -2.718929250214404498e-10
7.545913287909911560e+02 -2.281109086583297159e-10
7.649167005284768948e+02 -1.910584696581867592e-10
7.753833584046263923e+02 -1.597093530566460699e-10
7.859932356935763664e+02 -1.335546063444474193e-10
7.967482921232227682e+02 -1.113927092710567042e-10
8.076505142371861439e+02 -9.278543646789031810e-11
8.187019157617539804e+02 -7.721740688990317987e-11
8.299045379778201550e+02 -6.419324889445949085e-11
8.412604500979362001e+02 -5.318283676047154609e-11
8.527717496485013271e+02 -4.410461835945838398e-11
8.644405628572021669e+02 -3.654697498361742077e-11
8.762690450457326961e+02 -3.017805050627384357e-11
8.882593810279107629e+02 -2.496526795225379811e-11
9.004137855132191817e+02 -2.061924876806127208e-11
9.127345035158908786e+02 -1.681415394429394987e-11
9.252238107695687859e+02 -1.387631931584757166e-11
9.378840141476651979e+02 -1.150512490448721506e-11
9.507174520894479883e+02 -9.246972590237978740e-12
9.637264950319716945e+02 -7.664476329476327438e-12
9.769135458479238423e+02 -6.276435162468584804e-12
9.902810402894413073e+02 -5.067488127735349745e-12
1.003831447438025521e+03 -4.218435902091654217e-12
1.017567270160589260e+03 -3.490269586214745096e-12
1.031491045571769064e+03 -2.834538274829100336e-12
1.045605345502535783e+03 -2.282674906941307928e-12
1.059912776975246743e+03 -1.801494715273765124e-12
1.074415982685169865e+03 -1.370317046233300274e-12
1.089117641488621985e+03 -1.191712145852905571e-12
1.104020468897763294e+03 -1.017353679534181443e-12
1.119127217582186404e+03 -7.031871743518712144e-13
1.134440677877342523e+03 -5.977355898180186844e-13
1.149963678299952335e+03 -5.257187829045731788e-13
1.165699086070441126e+03 -4.675039483917292901e-13
1.181649807642551423e+03 -4.155369276578214342e-13
1.197818789240173373e+03 -1.656322812930458815e-13
1.214209017401549772e+03 -1.180707814458213961e-13
1.230823519530901194e+03 -1.062809639956499868e-13
1.247665364457615397e+03 -6.954136993594051134e-14
1.264737663003092393e+03 -6.018857612400399707e-14
1.282043568555320689e+03 -5.637190947259665466e-14
1.299586277651353157e+03 -4.846408509185673628e-14
1.317369030567711434e+03 -4.477686468508433710e-14
1.335395111918912107e+03 -1.172449103214727026e-14
1.353667851264139699e+03 -1.172449103214727026e-14
1.372190623722261535e+03 -3.856286582090729118e-15
1.390966850595221786e+03 -1.484589361879967405e-15
1.410000000000000455e+03 0.000000000000000000e+00
